
# Funciones 
# Hugo Dorado
# 23-06-2020

a <- 1234

